	BP_RCS_1	BM_RCS_1	BP_RCS_2	BM_RCS_2	BP_RCS_3	BM_RCS_3	BP_RCS_4	BM_RCS_4	BP_RCS_5	BM_RCS_5	BP_RCS_6	BM_RCS_6	BP_Pitt_6	BM_Pitt_6	BP_Pitt_7	BM_Pitt_7	BP_Pitt_12	BM_Pitt_12	BP_Pitt_17	BM_Pitt_17	BP_Pitt_25	BM_Pitt_25	BP_Pitt_29	BM_Pitt_29	BP_Pitt_47	BM_Pitt_47	BP_Pitt_51	BM_Pitt_51	BP_Pitt_52	BM_Pitt_52	BP_Pitt_62	BM_Pitt_62	BP_Pitt_64	BM_Pitt_64	BP_Pitt_68	BM_Pitt_68	BP_Pitt_71	BM_Pitt_71	BP_Pitt_72	BM_Pitt_72
ACTB	11373.74	7823.31	8218.81	11133.13	16361.53	11963.43	17051.33	13039.8	14823.03	12981.71	10694.34	8912.27	7780.69	5477.52	10869.25	7323.31	9968.22	8708.16	10859.42	9488.47	8258.4	11609.58	10727.35	10320.3	10441.88	6723.8	9682.06	10971.94	11301.28	12035.34	10402.93	7218.53	12281.92	10162.19	11940.09	12450.45	11476.37	8096.07	8018.41	6507.31
ACTR3B	98.76	133.75	64.94	104.17	90.82	136.53	86.54	473.78	242.7	297.81	189.25	266.01	230.07	178.52	130.08	161.15	208.02	291.84	185.19	247.57	323.94	376.23	153.97	186.96	161.06	240.53	188.31	141.69	72.66	71.16	153.14	178.15	209.69	162.94	394.69	245.55	235.95	229.36	324.13	140.61
AKAP2	225.01	128.8	469.03	56.27	158.2	179.56	148.56	96.1	393.82	205.12	228.31	129.81	233.35	121.85	122.62	88.67	303.07	900.48	535.3	71.35	339.27	355.91	186.63	303.08	253.4	92.8	256.1	221.62	239.67	321.37	165.81	43.14	176.84	108.88	242.12	110.25	230.16	200.26	245.46	111.08
ALDH4A1	116.88	136.23	144.32	180.89	79.68	134.88	113.94	87.67	59.56	84.97	98.33	410.71	51.49	52.42	37.32	67.55	69.52	92.16	86.81	53.3	60.19	75.25	73.87	79.7	93.41	698.59	78.34	108.99	135.13	84.93	51.75	124.62	39.62	49.49	58.04	57.63	83.96	104.41	135.32	122.33
ANLN	281.27	285.46	194.83	237.16	262.49	304.51	259.62	151.74	332.78	290.08	129.31	246.85	195.01	263.53	292.15	258.25	334.57	205.44	162.04	202.01	201.37	267.87	284.61	308	161.06	190.79	225.22	232.52	326.35	348.92	212.28	206.91	465.77	422.57	308.45	270.61	241.74	196.84	119.58	130.76
AP2B1	932.55	661.33	1522.54	786.35	986.09	743.89	1445.22	458.6	837.52	621.36	1527.47	1330.03	689.11	966.29	633.35	537.62	554	622.08	853.59	778.81	908.36	693.01	785.4	1324.48	1401.2	1269.48	595.81	435.97	419.42	477.47	889.27	726.97	605.88	641.85	613.59	776.74	812.09	696.64	623.09	402.14
AURKA	117.51	170.29	14.43	186.47	108.98	137.36	50.48	146.69	215.89	217.99	49.84	70.23	120.51	75.09	109.82	108.37	122.75	192.96	49.19	80.8	195.9	188.87	201.41	198.77	65.5	113.59	216.18	148.96	72.66	73.46	89.77	147.79	134.32	109.64	187.39	122.78	131.73	97.56	56.64	52.02
AYTL2	138.13	154.81	331.93	519.9	117.18	143.98	116.83	104.53	317.14	194.82	141.43	174.5	230.07	133.18	298.55	234.33	276.46	514.56	124.42	178.8	195.9	195.64	170.3	263.71	151.39	123.24	94.91	116.26	158.08	195.12	226.01	209.3	228.05	191.87	252.07	253.07	114.36	222.51	110.14	164.51
AZGP1	138.76	556.68	851.47	1733.14	1865.54	2409.57	6471.78	12260.85	1306.54	717.49	6789.45	4594.46	29877.09	53341.36	1421.3	2344.7	47.8	1711.68	2210.66	1606.63	540.64	75.25	672.65	4996.81	1797.4	6225.66	418.8	541.33	3119.48	5086.84	1765.86	9615.92	7703.5	10304.57	1222.2	6173.86	5256.14	7697.25	12915.04	6285.15
BAG1	36.88	18.58	115.45	115.33	107.22	171.28	87.98	60.7	135.49	89.26	144.8	144.71	151.19	104.85	260.16	133.7	36.39	38.4	92.59	86.82	32.83	42.14	188.19	298.16	105.22	111.36	54.23	87.19	70.12	66.57	53.86	49.53	60.88	41.88	91.21	107.74	63.69	53.06	56.64	42.18
BBC3	75	93.5	72.16	43.71	82.61	110.05	76.44	84.3	87.85	100.41	64.65	108.53	72.31	92.09	91.7	71.78	53.23	65.28	52.08	76.51	79.89	63.96	56.77	55.1	128.85	74.24	61.01	79.93	75.21	66.57	52.81	66.31	33.82	44.16	74.63	170.38	53.56	58.2	78.67	63.27
BCL2	344.39	218.59	266.99	212.05	480.45	482.41	346.16	227.61	255.35	239.45	515.89	589.47	266.22	274.87	200.45	194.92	310.68	224.64	526.62	456.46	276.89	322.8	150.08	178.11	462.77	204.16	363.81	265.22	304.68	319.08	243.97	321.94	218.39	233.74	187.39	258.08	215.69	130.08	365.05	230.6
BIRC5	448.77	376.49	331.93	421.78	345.1	426.97	435.59	212.44	546.44	684.87	216.19	708.64	601.46	590.82	395.58	458.81	435.05	350.4	295.14	424.65	558.15	526.72	1485.27	1004.67	226.55	203.41	460.98	326.98	569.84	493.53	462.59	516.86	686.09	678.39	389.71	476.07	712.21	761.68	374.49	253.09
BLVRA	424.4	494.76	497.89	418.06	898.79	456.76	494.72	94.42	276.94	131.31	412.85	295.8	274.99	102.01	270.82	195.63	191.18	115.2	283.57	483.11	100.69	87.28	243.4	138.75	423.04	467.7	301.29	203.45	508.65	309.89	306.28	326.74	244.48	117.25	281.92	283.14	257.67	174.59	333.58	440.1
BUB1B	70	149.23	72.16	108.35	138.27	172.11	56.25	42.15	121.35	158.77	34.35	46.82	95.31	49.59	107.69	144.96	48.34	103.68	40.51	66.19	89.74	114.37	101.09	94.47	67.64	55.68	167.97	145.32	101.99	48.21	84.49	112.64	178.77	227.65	127.69	85.19	101.33	80.45	44.06	32.34
C16orf61	405.65	470.61	606.13	572.91	366.19	305.33	315.87	190.52	679.7	844.51	321.93	363.9	583.93	539.82	279.35	231.51	523.59	823.68	358.8	706.61	455.27	467.27	506.23	592.37	223.33	290.27	311.84	199.82	358.22	316.78	382.32	716.58	574.96	355.57	475.95	410.92	596.4	376.56	223.43	203.88
C20orf46	28.13	30.34	50.51	44.18	35.74	82.75	66.35	59.01	49.88	63.51	43.78	74.48	76.69	34	23.46	30.26	31.5	38.4	127.32	35.24	51.44	48.16	35.77	32.47	51.54	42.32	29.38	47.23	43.34	32.14	66.54	78.29	63.78	33.5	39.8	50.11	33.29	54.77	53.5	29.53
C9orf30	207.51	230.35	310.28	276.22	231.43	189.49	295.68	220.87	581.43	522.67	245.82	168.12	488.62	361.3	340.13	267.4	480.68	374.4	248.84	180.52	276.89	218.96	549	916.11	170.72	135.11	328.41	239.78	219.27	128.55	232.35	219.69	465.77	558.86	334.99	415.93	238.85	201.97	188.82	119.52
CALM2	4509.62	4785.38	6645.76	9348.37	4363.85	4415.33	5105.88	3023.06	3807.94	3407.21	5065.99	6109.63	8198.09	9993	5643.61	3603.6	4293.51	7027.2	3191.56	5225.62	4270.38	4705.84	7179.82	9841.09	4372.17	4762.42	4627.87	3015.47	5024.06	3101.23	2570.63	3356.83	7789.5	5220.81	5029.76	2668.49	5387.87	3433.55	2070.69	4753.94
CCNB1	533.15	775.27	281.42	763.57	667.35	865.52	328.85	183.78	953.66	1010.15	103.04	161.73	227.88	113.35	477.68	609.4	305.79	595.2	222.8	406.6	504.52	404.07	797.07	758.67	286.68	383.81	1061.31	733.88	334	367.28	268.26	442.57	702.51	758.34	837.46	709.09	298.2	265.3	179.38	216.54
CCNE1	72.5	73.69	57.73	51.62	58.01	81.92	56.25	65.76	499.54	830.77	35.69	44.69	105.17	73.68	56.51	57	68.98	93.12	63.66	81.66	291.11	231	275.28	469.37	45.1	57.16	80.6	61.76	283.01	254.8	64.42	103.85	315.02	281.71	187.39	190.43	95.54	82.16	53.5	52.02
CCNE2	377.52	326.33	173.18	391.08	299.4	374.01	327.41	219.18	290.34	321.84	166.35	270.26	216.92	347.13	313.47	268.81	336.2	216	234.38	207.17	435.57	422.13	177.3	230.26	197.56	466.96	176.26	145.32	303.41	339.73	241.85	222.08	278.3	319.78	262.02	253.07	172.26	123.24	220.29	202.47
CD68	330.64	178.34	815.39	169.27	564.82	575.09	967.81	87.67	704.26	533.82	447.2	202.16	488.62	228.11	239.9	273.03	404.1	254.4	402.2	173.64	237.49	205.42	336.71	149.57	390.83	306.61	339.71	570.4	260.06	362.69	374.93	152.58	373.97	233.74	548.91	1403.15	500.86	686.37	213.99	275.59
CDC20	179.38	271.84	101.02	240.88	240.22	250.72	196.16	109.59	727.34	468.6	43.1	102.15	214.73	137.43	268.69	284.29	433.97	947.52	69.44	96.28	983.87	1219.72	1107.34	1115.87	56.91	103.93	405.99	348.78	187.4	245.62	179.54	308.36	523.75	655.55	673.29	541.21	564.55	539.17	56.64	82.96
CDC42BPA	120.01	92.88	1544.18	69.29	109.57	111.71	336.07	411.39	216.64	349.3	323.95	429.87	166.53	154.44	197.25	113.29	126.01	128.64	355.9	156.45	373.19	316.78	270.61	334.56	294.2	107.65	192.07	294.28	299.58	243.32	377.04	373.07	304.39	269.53	325.04	929.59	324.26	183.15	343.02	219.35
CDC6	295.02	383.3	736.01	2277.69	201.55	362.43	190.39	156.8	241.95	324.41	73.41	121.3	232.26	277.7	474.48	403.92	151.54	276.48	127.32	201.15	418.06	277.65	499.24	399.51	136.36	343.73	229.74	279.75	377.35	291.53	183.77	248.45	321.78	623.57	265.34	310.7	257.67	270.44	154.2	164.51
CDCA1	45.63	58.83	72.16	133.93	83.79	114.19	44.71	59.01	67.75	115	31.65	42.56	66.83	65.17	29.85	30.26	47.8	105.6	46.3	50.72	107.25	59.44	91.76	97.42	42.95	54.19	84.36	119.89	45.89	61.98	65.48	82.28	73.44	77.66	167.49	177.9	60.8	71.89	25.18	26.72
CDCA7	59.38	89.17	21.65	33.02	135.35	132.39	76.44	8.43	248.65	360.46	12.12	6.38	237.74	287.62	66.11	137.92	177.61	281.28	28.94	74.79	357.87	185.1	171.08	171.22	35.43	8.17	244.8	134.42	70.12	82.64	24.29	15.98	219.35	277.91	104.48	155.35	228.72	171.16	31.47	7.03
CDH3	479.4	590.12	108.24	107.89	65.62	88.54	49.04	182.09	910.48	538.97	129.31	82.99	289.23	133.18	252.7	15.48	757.68	321.6	28.94	10.32	797.82	523.71	686.64	1209.35	33.29	24.5	85.12	79.93	170.83	360.39	160.53	99.86	355.61	151.52	1134.31	456.02	370.58	819.88	72.38	64.68
CEGP1	45	11.15	36.08	7.44	123.63	139.01	171.64	237.73	49.88	32.61	1105.2	17.02	44.92	35.42	17.06	17.59	34.22	15.36	86.81	25.79	27.36	44.39	25.66	20.66	2615.57	25.24	228.98	43.6	35.69	41.32	415.06	353.1	31.89	13.7	19.9	20.04	50.67	20.54	286.37	68.9
CENPA	71.25	100.93	72.16	152.99	125.38	96.81	70.67	26.98	294.81	277.21	15.49	25.54	116.13	49.59	76.77	48.55	127.09	90.24	23.15	110.89	276.89	245.3	224.73	312.92	62.28	42.32	162.7	101.73	128.76	43.61	59.14	91.87	179.74	102.79	194.03	87.7	209.9	97.56	31.47	25.31
CENPF	353.14	357.91	266.99	378.53	410.14	635.49	305.78	234.36	492.84	885.7	140.76	259.62	498.48	405.22	420.1	321.59	430.17	454.08	162.04	268.2	780.31	671.19	926.93	738.01	253.4	195.25	420.3	261.58	420.69	394.83	426.68	498.49	1026.23	941.07	943.6	1297.91	660.09	345.75	179.38	174.35
CEP55	103.76	158.52	86.59	170.2	169.91	263.13	64.91	38.78	160.06	301.24	37.04	97.89	131.47	144.52	159.94	152.7	167.29	192.96	63.66	144.42	218.88	185.86	430.03	494.96	60.13	90.57	146.88	94.46	62.47	73.46	107.73	170.16	123.69	189.58	208.95	157.85	180.95	106.12	44.06	52.02
COL4A2	1753.22	674.96	562.83	478.04	1201.11	2561.82	892.81	849.76	1028.85	2647.67	756.33	853.35	1669.64	1938.24	468.08	749.43	694.67	883.2	1111.12	736.69	854.73	626.04	462.69	1040.1	895.48	581.29	1620.2	4973.7	720.27	2410.28	988.54	387.45	510.22	710.37	1295.17	2798.78	683.26	1032.12	519.25	326.21
CTSL2	11.88	10.53	21.65	10.7	13.48	28.96	27.4	20.23	43.18	28.32	12.12	17.02	14.24	11.33	31.99	17.59	21.73	36.48	60.76	17.19	33.93	22.57	26.44	58.06	26.84	17.82	15.06	32.7	17.85	34.43	20.07	12.78	24.16	9.9	19.9	42.6	30.4	34.23	15.73	15.47
CXXC5	151.88	112.7	548.4	206.47	333.97	382.29	295.68	229.3	236	238.59	321.25	385.18	129.28	53.84	479.81	349.73	82.56	104.64	217.01	471.93	207.94	224.23	69.21	75.77	432.71	439.49	84.36	374.21	124.93	126.25	484.77	425.79	65.71	63.19	155.88	200.45	118.7	159.18	276.93	268.56
DCK	1428.2	2526.44	469.03	361.79	403.11	545.3	262.51	306.86	706.5	775.85	354.93	329.85	451.37	331.54	412.63	282.88	322.62	315.84	332.76	216.62	383.04	450.72	423.03	435.92	535.78	262.06	359.29	261.58	604.26	413.19	417.17	595.15	521.81	720.27	432.83	596.34	416.9	549.44	412.25	203.88
DHCR7	70.63	78.64	144.32	72.54	66.21	86.88	96.64	150.06	133.26	103.85	57.92	255.37	170.91	124.68	130.08	88.67	139.04	224.64	54.98	80.8	88.65	49.66	193.63	260.76	82.68	121.01	136.34	188.92	177.2	142.32	60.2	132.61	180.7	255.06	96.18	182.91	143.31	152.34	69.23	52.02
DIAPH3	34.38	58.21	7.22	56.73	75	64.54	17.31	11.8	99.01	84.11	16.16	42.56	65.73	89.26	34.12	33.78	73.32	199.68	14.47	49.86	43.78	72.24	100.31	67.9	23.62	37.12	38.41	21.8	44.62	55.09	35.91	39.14	26.09	57.1	71.31	35.08	40.53	29.1	22.03	18.28
DTL	143.76	142.42	50.51	785.89	302.33	278.85	75	97.79	164.53	333	34.35	68.1	268.41	290.45	113.02	130.18	96.14	142.08	81.02	141.84	352.4	270.88	248.06	200.74	73.01	128.43	153.66	156.22	73.94	91.82	155.25	246.85	225.15	351.76	280.26	180.4	156.34	148.91	31.47	44.99
EBF4	55	39.01	101.02	69.75	298.81	511.37	129.81	350.7	134.75	219.71	336.07	591.6	133.66	60.92	69.31	30.26	42.91	47.04	170.72	203.73	198.09	118.89	49.77	61.01	401.57	489.98	247.06	98.09	49.72	114.78	199.61	145.39	62.81	61.67	48.09	62.64	94.09	92.43	210.85	151.86
ECT2	651.91	637.8	382.44	887.26	635.13	860.56	509.15	315.29	846.46	1012.72	230.33	421.35	304.57	311.71	521.39	425.73	369.88	316.8	306.71	385.97	441.05	419.87	766.74	987.95	336.07	423.16	405.99	319.71	378.62	493.53	462.59	521.66	377.83	673.06	477.6	363.32	610.88	335.48	223.43	264.34
EGFR	237.51	338.1	122.67	162.29	69.72	66.2	151.45	886.85	664.81	655.69	264.01	136.2	237.74	648.91	142.88	31.67	769.63	434.88	523.73	40.4	201.37	239.28	248.84	231.24	188.97	178.17	119.76	108.99	490.81	456.81	66.54	43.14	153.64	246.69	268.65	456.02	445.85	189.99	377.63	246.06
EGLN1	76.88	123.23	122.67	293.43	84.96	105.92	102.41	212.44	125.81	132.17	116.51	117.04	87.65	120.43	110.89	102.04	117.32	105.6	193.87	112.61	89.74	127.16	178.08	179.09	95.56	137.34	116.75	98.09	154.25	87.23	117.23	225.28	208.73	89.84	175.78	205.46	159.23	118.1	122.73	101.24
ERBB2	14478.28	15475.09	3615.12	12209.66	7414.1	15653.08	724.05	1996.27	531.55	786.15	629.71	15258.11	357.15	474.64	17785.95	11938.82	387.26	292.8	3625.59	8309.07	472.78	589.17	426.14	688.81	923.4	2816.62	301.29	337.88	13831.79	12271.77	831.18	6206.37	339.18	657.07	456.05	415.93	353.21	325.21	333.58	281.21
ESM1	175.01	84.83	144.32	31.16	272.45	152.25	135.58	134.88	169.74	296.09	86.88	451.15	417.41	270.62	100.23	148.48	127.09	126.72	31.83	123.79	123.67	34.61	73.1	86.59	128.85	132.14	189.06	148.96	133.86	144.62	174.26	46.33	34.79	56.34	116.08	47.61	72.38	97.56	18.88	50.62
ESR1	34.38	16.1	288.63	11.16	778.67	633.01	1120.7	222.56	29.78	14.59	544.85	136.2	40.54	18.42	133.28	135.81	23.9	29.76	1125.58	656.75	6.57	13.54	74.65	28.54	2354.66	20.04	1334.73	3698.49	20.4	22.96	1930.61	1663.23	105.33	124.11	39.8	52.62	28.95	6.85	1982.57	1057.37
EXO1	56.25	52.02	50.51	101.84	82.03	133.22	36.06	45.52	94.55	217.13	10.78	23.41	178.58	96.35	68.24	52.78	44.54	138.24	31.83	41.26	154.31	40.63	212.29	200.74	36.51	49	85.87	47.23	66.29	75.75	98.22	98.26	124.66	134.76	167.49	142.82	131.73	99.28	34.62	18.28
EXT1	880.67	667.53	800.96	975.62	618.13	861.39	705.3	871.68	1003.54	1342.28	635.77	738.43	758.13	702.75	858.32	615.73	632.21	746.88	998.27	849.3	928.06	623.03	493.01	1140.47	456.33	440.24	498.64	770.22	725.37	1099.55	528.07	407.42	549.84	571.8	781.08	952.14	739.71	585.38	497.22	548.37
FGF18	17.5	20.43	72.16	15.35	25.19	24.82	28.85	32.03	17.12	25.75	59.27	19.15	23.01	24.09	11.73	16.89	10.32	18.24	34.72	22.35	14.23	25.58	37.33	31.49	38.65	25.98	21.09	32.7	16.57	29.84	25.35	32.75	28.02	29.69	14.93	20.04	20.27	18.83	37.76	35.15
FGFR4	179.38	280.51	93.81	46.04	24.02	72.82	53.37	541.22	134	143.33	19.53	1449.2	95.31	43.92	1085.43	847.95	42.91	53.76	494.79	263.04	105.06	66.22	104.98	129.89	140.66	4069.03	27.12	61.76	58.64	82.64	27.46	45.54	64.74	64.72	48.09	72.66	37.64	94.14	69.23	29.53
FLT1	188.76	156.66	180.4	184.61	160.54	369.05	118.27	364.18	203.98	417.96	135.37	183.01	381.26	230.95	99.16	110.48	181.95	215.04	269.1	194.27	146.65	293.46	118.98	174.17	214.74	212.32	173.24	268.85	154.25	213.48	151.03	72.7	85.04	149.23	228.85	157.85	131.73	128.37	201.4	33.75
FOXA1	1817.6	2025.49	11783.42	5738.39	3765.06	5172.46	3301.51	4909.74	17.12	35.19	2636.04	4232.69	46.01	43.92	2799.95	2594.51	28.79	15.36	2100.7	3502.95	37.21	53.42	21.77	38.38	4547.19	5384.54	2168.56	1362.41	2460.4	1081.18	2471.36	2150.54	112.09	95.93	24.88	57.63	72.38	13.69	2630.84	1594.49
FOXC1	28.13	37.15	43.29	21.86	33.4	70.33	33.17	75.87	279.17	196.54	61.29	63.84	417.41	488.81	31.99	31.67	212.37	214.08	60.76	44.7	237.49	234.01	331.27	465.44	53.69	40.83	46.7	61.76	47.17	114.78	53.86	58.32	200.03	153.04	202.32	220.49	293.86	427.91	72.38	149.04
GAPDH	6603.48	15678.2	4264.54	10851.32	5433.73	7131.06	6086.67	9532.85	9436.83	9964.15	3851.69	7001.28	4786.51	10231.04	11399.17	20709.62	11685.62	15229.44	3009.27	8687.31	18581.94	9798.43	16694.07	24936.8	3753.71	12110.57	12255.86	11702.19	6232.59	7462.69	7915.73	11264.78	6646.35	6829.61	10797.49	10338.21	8136.82	8628.39	3855	11282.33
GMPS	327.52	409.31	158.75	398.53	229.09	236.65	213.47	246.16	498.79	711.48	183.86	185.14	269.51	218.19	259.1	159.03	123.84	143.04	138.89	169.34	393.99	285.18	420.7	418.2	242.66	331.1	265.89	228.88	150.43	176.75	234.46	293.98	359.47	373.08	376.44	658.98	395.19	301.25	358.75	292.46
GNAZ	20	43.97	64.94	35.81	65.62	51.3	33.17	57.33	85.61	131.31	45.12	138.32	39.44	41.09	36.25	30.26	51.6	96.96	81.02	69.63	183.86	181.34	49.77	62.98	60.13	58.65	54.23	61.76	48.44	57.39	103.5	111.84	111.13	79.18	94.53	85.19	46.32	73.6	88.11	74.52
GPR126	60	65.02	165.96	141.37	37.5	61.23	57.69	57.33	145.92	87.54	59.27	40.43	373.59	697.09	189.79	192.81	77.13	64.32	112.85	127.22	176.2	226.49	183.52	212.55	80.53	172.23	164.96	101.73	192.5	144.62	289.38	266.02	167.17	191.11	149.25	62.64	59.35	83.87	81.82	64.68
GPR160	850.05	621.08	1291.63	1647.11	626.34	813.39	767.32	1114.47	297.79	289.23	424.3	881.01	262.94	477.48	669.6	524.95	403.01	240	723.38	747.87	255	245.3	231.73	273.55	602.35	1447.66	378.12	363.31	362.05	404.01	371.76	312.36	363.34	426.38	290.21	238.03	267.8	160.89	528.69	291.06
GPR180	262.51	220.44	223.69	219.03	215.03	284.65	237.99	171.98	254.61	195.68	153.56	191.52	159.95	182.77	239.9	178.74	303.61	183.36	182.29	148.71	186.05	222.73	152.41	209.59	167.5	155.16	134.08	159.86	237.12	231.85	214.4	162.17	148.81	196.44	190.71	235.53	198.32	83.87	132.17	130.76
GRB7	5558.42	6369.36	2236.9	6837.71	2214.74	4064.49	96.64	441.74	85.61	225.72	103.04	1619.45	185.15	281.95	6832.47	7388.05	63	96.96	1339.7	3440.19	239.68	360.42	181.96	243.05	225.48	827.76	108.47	141.69	4344.59	6331	283.04	2048.29	218.39	517.74	131.01	162.87	231.61	169.45	135.32	66.09
GSTM1	739.41	1211.21	678.29	798.91	6.45	12.41	4.33	11.8	12.66	9.44	6.06	10.64	12.05	9.92	10.66	7.74	235.72	242.88	17.36	8.6	257.19	179.84	14	20.66	15.03	11.88	976.19	381.47	220.54	87.23	504.83	773.3	6.76	11.42	490.87	135.3	13.03	1.71	9.44	11.25
GSTM3	358.14	281.75	274.2	283.66	275.96	320.23	343.28	195.58	180.9	194.82	235.05	308.57	154.47	216.78	259.1	220.26	291.67	210.24	251.74	158.17	190.43	212.19	130.64	178.11	180.38	308.83	139.35	145.32	271.54	300.71	220.73	204.51	195.2	243.64	172.47	130.29	146.21	109.55	229.73	203.88
GUSB	561.28	445.22	418.52	549.19	577.71	586.67	546.65	473.78	367.02	405.95	426.99	685.23	459.04	433.55	480.87	423.62	511.64	316.8	413.77	330.95	453.08	466.52	270.61	439.85	360.77	409.8	284.72	363.31	399.02	527.97	458.36	469.73	325.65	480.43	462.68	816.83	348.87	333.77	361.9	321.99
HMBS	386.9	324.47	216.47	322.73	282.41	358.29	350.49	220.87	253.86	260.9	187.9	312.82	239.93	293.29	291.08	268.11	375.31	273.6	208.33	214.05	221.07	218.96	177.3	197.79	193.27	223.46	170.23	225.25	316.16	348.92	289.38	234.87	211.62	302.27	223.88	220.49	147.65	145.49	125.88	179.98
HOXB13	18.13	40.25	14.43	38.6	7.03	3.31	75	106.22	53.6	17.16	4.71	17.02	10.96	8.5	100.23	56.3	7.6	6.72	60.76	70.49	255	121.14	97.98	52.15	12.88	10.39	143.87	58.13	17.85	20.66	174.26	71.9	4.83	30.46	4.98	12.53	5.79	6.85	9.44	9.84
HRASLS	40	124.46	101.02	152.99	15.23	36.41	75	119.71	94.55	278.93	22.23	55.33	291.42	213.94	136.48	47.15	50.51	54.72	60.76	42.98	85.36	35.37	49.77	83.64	23.62	109.87	80.6	65.4	50.99	66.57	65.48	64.71	156.54	262.68	124.38	245.55	43.43	107.83	40.91	61.87
IGFBP5	1700.09	1066.93	6126.22	1417.39	809.73	761.26	2267.36	1449.99	3337.43	2651.96	2015.75	2334.47	1223.74	297.54	1456.48	278.66	1300.82	2195.52	3203.14	280.24	599.74	684.73	370.15	6294.72	2125.96	965.85	2590.37	2198.02	1696.78	2451.6	18205.66	2470.89	700.58	449.98	1056.37	456.02	1127.66	1759.57	1548.3	3231.16
IL17R	511.28	353.58	584.48	428.75	445.29	652.04	543.76	396.22	605.99	592.18	526.67	491.58	559.83	524.23	423.3	355.36	526.84	371.52	419.56	323.22	367.72	397.29	367.04	320.79	490.69	413.51	273.42	247.05	642.51	612.9	372.82	399.43	554.67	401.25	389.71	448.51	453.09	467.28	431.13	357.14
IL6ST	941.93	660.1	1955.49	2339.53	1910.07	2310.27	612.99	615.4	862.09	650.54	1949.75	1391.74	916.99	426.47	640.81	552.4	753.33	744.96	1924.2	1031.54	395.08	626.04	521.79	484.13	3554	727.54	926.48	959.14	479.33	810.31	815.34	873.96	729.57	490.33	782.74	663.99	814.98	939.69	2369.65	3380.2
JHDM1D	166.88	157.28	1500.89	307.85	176.36	297.06	377.89	765.46	552.39	279.79	304.42	157.48	429.46	412.3	228.18	130.18	223.23	109.44	523.73	329.23	229.83	253.58	199.85	225.34	353.25	227.17	190.57	185.29	548.17	268.57	463.64	295.58	426.15	275.62	388.05	260.58	363.34	268.73	424.84	170.13
KIF2C	124.38	196.29	72.16	174.38	110.15	150.6	93.75	60.7	458.59	417.96	43.1	74.48	162.14	143.1	131.15	148.48	224.86	384	98.38	101.43	275.79	209.18	535.78	521.53	50.46	65.33	342.72	228.88	123.66	192.82	125.68	194.12	348.84	358.61	389.71	202.96	254.77	231.07	100.7	89.99
KNTC2	275.64	243.98	165.96	186.94	173.43	247.41	225	129.82	184.63	223.14	105.74	214.93	134.75	195.52	214.31	143.55	233.55	173.76	159.14	158.17	142.27	155.01	167.97	206.64	140.66	111.36	119.76	170.76	178.47	243.32	173.21	153.38	161.38	248.97	192.37	192.93	149.1	99.28	94.41	125.14
KRT14	10	11.15	57.73	13.95	30.47	21.51	36.06	10.12	512.94	21.46	315.87	19.15	38.34	17	1169.67	9.15	204.22	19.2	26.04	20.63	204.65	20.32	10020.49	11853.39	88.04	25.24	170.98	14.53	22.95	34.43	122.51	15.18	159.44	18.27	658.36	12.53	2080.16	30.81	195.11	28.12
KRT17	700.04	102.17	331.93	14.42	58.59	10.76	552.42	43.84	11220.57	1740.51	981.95	14.9	282.66	184.19	2069.57	338.48	1301.36	1817.28	75.23	14.61	4330.57	10780.38	6122.25	15068.16	227.63	18.56	444.41	83.56	401.57	436.15	530.18	29.56	415.52	1482.41	444.44	97.72	2935.68	664.12	833.94	50.62
KRT5	17.5	33.44	173.18	4.65	30.47	4.96	184.62	21.92	8885.18	2820.17	315.87	14.9	62.45	15.59	1002.27	5.63	192.81	318.72	37.62	16.33	399.46	1349.15	4985.36	2995.33	128.85	8.91	151.4	25.43	90.51	34.43	120.4	9.59	290.86	78.42	1311.75	1708.84	2139.52	191.7	264.34	4.22
LGP2	210.01	157.9	158.75	130.67	148.82	209.35	237.99	537.85	311.93	218.85	200.03	334.1	187.34	60.92	46.91	41.52	126.01	130.56	124.42	164.19	112.72	61.7	244.17	325.71	205.08	44.54	77.58	138.06	73.94	55.09	262.98	398.63	106.3	104.31	145.93	245.55	124.49	37.66	217.14	101.24
LIN9	77.5	97.22	144.32	290.17	134.17	162.18	50.48	77.56	270.24	236.02	57.25	55.33	111.75	103.43	68.24	71.78	105.37	135.36	89.7	81.66	225.45	153.5	328.94	218.45	92.34	95.77	71.56	69.03	100.71	64.27	97.16	157.38	262.84	205.57	280.26	167.88	176.6	80.45	91.26	53.43
LOC100131053	31.88	30.34	21.65	39.53	31.05	43.86	30.29	53.95	40.95	50.64	43.1	87.25	35.06	39.67	39.45	43.63	30.42	38.4	57.87	42.98	29.55	39.88	41.99	57.07	25.77	46.77	22.6	36.33	26.77	39.02	34.85	34.35	19.33	29.69	36.48	37.58	26.06	46.21	69.23	32.34
LOC100288906	12.5	1.24	7.22	4.19	12.89	9.1	7.21	25.29	5.21	6.87	5.39	6.38	3.29	8.5	4.26	4.22	4.35	5.76	26.04	11.18	6.57	19.56	13.22	7.87	7.52	15.59	5.27	21.8	7.65	11.48	8.45	3.2	7.73	3.81	6.63	17.54	10.13	10.27	15.73	9.84
MAPT	122.51	279.27	21.65	19.53	37.5	60.4	131.25	215.81	32.01	35.19	395.34	468.17	14.24	34	31.99	20.41	17.92	52.8	49.19	113.47	35.02	121.14	17.89	23.62	49.39	164.07	30.88	192.55	25.5	25.25	82.38	74.29	29.96	41.88	94.53	177.9	17.37	83.87	242.31	219.35
MCM6	258.14	315.19	194.83	280.41	398.42	273.06	217.79	168.6	437	1017.87	167.7	174.5	241.02	236.61	284.69	292.74	323.71	352.32	147.57	263.9	429.01	365.69	322.71	318.82	202.93	273.94	332.93	247.05	205.25	208.89	211.23	203.71	350.77	594.64	326.69	325.73	398.08	304.67	147.91	149.04
MDM2	193.76	198.15	360.79	295.29	185.15	348.36	618.76	805.93	273.96	320.12	264.01	431.99	201.58	189.86	153.54	197.74	192.27	193.92	306.71	485.68	180.58	267.12	151.64	125.95	255.54	341.5	264.38	294.28	175.93	149.21	292.55	310.76	154.61	172.83	195.68	157.85	191.08	227.65	188.82	154.67
MELK	464.4	365.96	252.55	468.28	388.46	437.73	387.99	232.67	494.32	450.58	192.62	308.57	266.22	456.22	536.32	455.29	455.15	379.2	274.89	226.94	296.58	310.01	465.02	359.16	236.22	278.4	259.11	261.58	387.55	397.12	297.83	271.61	331.45	366.99	434.49	573.79	272.14	210.53	151.05	205.29
MGP	11343.11	7119.25	3052.29	797.98	3329.14	4316.04	11778.14	4061.66	1736.09	3104.25	5447.18	6324.56	8169.61	22194.87	674.93	4014.56	28290.46	12038.4	6475.72	1047.88	11270.21	8541.84	568.44	1754.49	8259.02	8155.87	2522.58	6034.57	2668.2	11759.88	3960.51	6436.45	7840.72	16939.27	3893.8	776.74	2327.7	2546.92	6073.6	10691.78
MIA	23.13	19.82	43.29	12.56	12.89	14.89	18.75	30.35	104.97	12.02	70.72	34.05	3618.64	5007.13	23.46	10.56	116.23	96	37.62	18.91	859.11	1295.72	650.1	3522.76	36.51	24.5	22.6	25.43	6.37	27.55	28.52	15.98	74.41	143.14	114.43	27.56	757.08	296.11	53.5	18.28
MKI67	111.88	124.46	108.24	127.88	186.32	267.27	60.58	50.58	241.95	333	46.47	68.1	210.35	148.77	145.01	201.96	178.15	317.76	86.81	165.91	307.53	269.38	283.83	271.59	118.11	98	146.88	123.53	119.83	105.59	176.37	195.72	199.06	207.86	366.49	223	470.46	299.54	59.79	74.52
MLPH	85.63	66.26	115.45	222.28	558.37	755.47	139.91	773.89	23.08	43.77	281.52	325.59	4.38	7.08	242.04	188.59	9.23	15.36	245.95	594.86	6.57	9.03	11.66	41.33	537.93	752.04	74.57	101.73	21.67	59.68	142.58	368.28	7.73	18.27	4.98	2.51	37.64	18.83	107	139.2
MMP11	1160.06	333.14	396.87	266.46	875.93	401.32	3258.24	232.67	802.53	272.92	779.9	317.08	394.4	279.12	1093.96	232.92	661	248.64	248.84	191.69	253.9	217.46	196.74	214.51	420.9	186.34	329.16	348.78	674.38	408.6	344.3	214.89	224.19	309.88	276.94	260.58	285.17	164.32	182.52	172.95
MMP9	168.76	74.31	158.75	76.73	430.06	1122.04	1099.06	106.22	298.53	812.75	156.92	151.09	1079.13	1045.63	94.9	824.73	384.54	153.6	78.13	230.38	425.72	110.61	164.08	154.49	139.58	115.07	143.11	196.19	291.93	303.01	367.54	124.62	175.87	102.79	927.02	240.54	270.7	104.41	169.93	89.99
MRPL19	183.76	264.41	223.69	327.84	181.63	202.73	165.87	288.31	234.51	204.26	187.23	244.73	186.25	144.52	170.6	190	164.03	214.08	138.89	265.62	212.32	185.1	241.84	221.4	151.39	236.82	235.01	243.42	237.12	172.16	185.88	194.12	209.69	182.73	235.49	125.28	220.03	157.47	154.2	182.79
MS4A7	273.76	162.86	310.28	188.8	216.2	411.25	478.86	141.63	244.18	248.89	321.93	236.21	283.75	94.93	732.51	508.77	292.21	222.72	506.37	207.17	196.99	259.6	234.07	101.35	824.61	347.44	341.21	421.44	246.04	172.16	325.29	91.07	310.19	150.75	399.66	623.9	435.72	544.3	355.6	358.55
MTDH	1148.19	1138.14	757.66	1442.97	1085.69	1371.1	900.02	672.73	1651.22	1454.71	899.11	806.53	1331.11	1480.6	1010.8	882.43	1295.93	3049.92	902.78	1181.98	1697.43	1927.78	1531.15	1832.23	745.16	1135.85	1918.49	984.57	1045.35	1269.41	702.33	647.88	1660.14	1142.84	1703.12	1037.33	969.87	1020.14	601.07	1013.78
MYBL2	173.13	201.25	129.88	527.8	723.6	696.72	213.47	139.94	862.09	1092.54	30.31	70.23	576.27	308.87	488.34	339.88	792.98	1921.92	133.1	398.86	576.75	337.85	772.18	554	119.18	214.55	1991.55	1740.25	284.28	211.19	657.97	585.57	1085.18	590.07	1011.59	839.38	725.23	727.45	78.67	71.71
MYC	202.51	349.24	310.28	134.39	283.58	199.42	157.21	141.63	923.14	811.89	347.52	121.3	1115.28	718.34	646.14	931.69	362.27	437.76	2170.15	1815.51	1477.45	892.41	1629.9	951.54	671.07	98	2316.95	1104.46	430.89	291.53	502.72	407.42	2715.36	1027.11	986.72	1292.9	1052.39	917.44	944.08	361.36
NAT1	15	22.29	50.51	26.04	32.23	139.84	138.46	33.72	27.55	17.16	24.92	29.79	23.01	21.25	22.39	18.3	12.49	25.92	138.89	448.72	17.51	13.54	21	12.79	31.14	33.41	59.51	39.96	20.4	34.43	145.75	86.28	10.63	22.08	18.24	17.54	11.58	23.96	25.18	67.49
NEK2	119.38	148.61	216.47	503.16	199.21	284.65	142.79	92.73	450.4	629.95	40.41	42.56	179.67	191.27	168.47	113.29	237.35	365.76	49.19	86.82	572.38	384.5	539.67	454.61	130.99	129.18	232	421.44	138.96	130.84	253.47	393.84	633.91	617.48	487.55	674.01	351.76	195.13	81.82	74.52
NMU	16.25	25.39	21.65	16.74	4.1	1.65	14.42	11.8	32.01	50.64	4.71	12.77	21.91	7.08	87.43	102.04	38.56	69.12	26.04	8.6	47.06	55.68	40.44	136.78	21.47	6.68	244.05	32.7	14.02	73.46	19.01	13.58	14.49	138.57	74.63	35.08	17.37	25.67	15.73	8.44
NUSAP1	166.88	304.66	93.81	399.92	301.16	318.57	108.18	47.21	265.03	273.78	40.41	170.24	117.23	134.6	171.66	172.4	118.4	164.16	89.7	154.73	206.84	379.24	229.4	246.99	106.3	127.69	192.83	130.79	186.12	112.48	123.57	174.95	298.59	238.31	268.65	200.45	178.05	116.39	72.38	53.43
OAZ1	1996.36	1917.74	1277.2	2289.78	1821.01	1949.5	1579.36	640.69	2116.51	1518.22	1791.48	2955.86	1602.81	1347.42	1563.11	942.95	1252.48	1252.8	1579.87	1911.79	1096.6	1149.75	2234.12	2449.2	1553.67	2285.81	1463.53	1340.61	1622.85	1407.15	2184.09	2639.45	1088.08	983.71	1910.41	1150.08	1676.29	1394.99	1239.89	1815.24
ORC6L	245.01	468.75	93.81	212.98	91.99	110.88	38.94	50.58	207.71	371.62	33	57.46	83.26	76.51	93.83	82.33	108.08	299.52	72.34	127.22	157.59	103.09	236.4	163.35	82.68	194.51	118.26	123.53	133.86	117.07	156.31	88.67	318.89	143.9	194.03	122.78	189.63	227.65	44.06	43.59
OXCT1	415.02	463.18	115.45	478.04	155.27	284.65	108.18	547.96	450.4	502.07	254.58	385.18	471.09	382.55	206.85	235.74	275.37	412.8	271.99	32.67	376.48	510.92	139.2	248.95	193.27	558.28	562.67	287.01	96.89	229.55	98.22	156.58	180.7	176.64	515.75	378.35	263.46	350.89	226.58	170.13
PALM2	58.75	151.71	43.29	11.16	22.85	24.82	23.08	25.29	37.97	69.52	27.61	74.48	75.59	18.42	28.79	24.63	25.53	149.76	57.87	18.05	148.84	247.56	34.99	74.78	27.92	15.59	51.22	65.4	57.37	68.87	20.07	12.78	75.37	16.75	66.33	12.53	27.5	30.81	31.47	12.65
PECI	672.54	1153.62	288.63	372.48	434.16	928.41	183.18	222.56	225.57	280.64	296.34	487.32	443.7	508.65	106.62	119.63	198.25	232.32	460.07	700.59	82.08	94.06	88.65	59.04	339.29	1363.77	411.27	370.58	145.33	153.8	132.02	246.85	77.31	117.25	74.63	115.26	130.28	183.15	355.6	296.68
PGR	25	9.91	28.86	5.58	19.92	24	64.91	48.9	26.8	26.61	105.06	25.54	26.29	11.33	23.46	14.07	19.01	25.92	69.44	779.67	15.32	19.56	19.44	14.76	307.08	16.33	164.2	69.03	10.2	32.14	30.63	22.37	23.19	13.7	13.27	27.56	60.8	22.25	66.09	461.19
PHGDH	558.16	1071.26	1767.87	1474.12	176.36	238.31	460.11	768.83	923.14	2663.11	164.33	385.18	1076.94	826.02	393.44	957.72	696.3	6238.08	133.1	257.89	1756.52	2192.65	2136.14	2426.57	287.76	1357.08	889.57	715.72	634.86	656.51	204.89	372.27	713.14	487.29	1029.83	1069.9	940.92	790.78	824.5	822.55
PITRM1	478.15	564.12	245.34	414.34	260.14	335.12	287.03	188.84	318.63	235.16	277.48	312.82	446.99	688.59	312.41	268.11	394.86	457.92	263.31	372.21	207.94	153.5	318.05	345.39	241.59	366.74	189.06	214.35	247.32	298.42	227.07	352.3	400.06	687.53	293.53	305.69	247.54	150.62	198.26	306.52
PRC1	280.64	378.97	173.18	182.75	249.01	268.1	95.19	28.66	245.67	296.09	51.86	57.46	283.75	276.28	175.93	147.07	121.66	138.24	75.23	162.47	362.25	392.78	327.38	276.51	161.06	129.18	259.87	69.03	228.19	103.3	119.34	224.48	446.44	522.31	207.29	145.33	308.33	138.64	40.91	57.65
PSMC4	723.79	804.99	418.52	868.2	796.25	1087.28	744.25	1060.52	2563.19	3182.35	491.65	717.15	708.83	501.56	603.49	543.25	709.34	1332.48	503.47	656.75	575.66	457.49	1678.12	2803.45	589.47	631.03	789.39	584.93	327.63	475.17	592.49	695.01	502.49	382.98	645.1	1029.81	605.09	491.24	720.65	539.93
PTTG1	201.26	362.87	144.32	430.15	364.44	475.79	204.81	75.87	647.68	707.19	82.17	193.65	383.45	297.54	353.99	370.84	286.78	471.36	98.38	208.89	836.13	584.66	943.26	973.19	183.61	300.67	572.46	486.83	179.75	224.96	160.53	227.68	364.3	484.24	595.35	531.19	403.87	352.6	125.88	126.55
PTTG2	146.88	163.48	108.24	240.42	262.49	394.7	147.12	87.67	429.56	527.82	43.78	185.14	254.17	171.44	180.19	254.03	186.84	267.84	72.34	127.22	607.4	428.9	696.75	676.02	152.47	204.16	427.08	664.86	99.44	204.3	140.47	198.12	285.06	373.08	366.49	601.35	267.8	265.3	97.56	84.36
QSCN6L1	97.51	152.95	122.67	163.22	164.05	260.65	105.29	438.37	348.41	321.84	134.7	165.99	262.94	255.03	111.96	110.48	102.11	133.44	185.19	184.82	204.65	209.93	148.53	149.57	139.58	148.48	231.24	428.7	90.51	151.5	133.07	206.91	224.19	373.08	315.09	618.89	134.62	200.26	198.26	64.68
RAB6B	26.25	54.49	28.86	17.67	19.34	67.85	34.62	82.62	69.24	99.56	40.41	570.32	37.25	24.09	39.45	22.52	42.36	62.4	34.72	13.75	49.25	79.76	19.44	27.55	23.62	96.51	24.86	65.4	38.24	64.27	45.41	43.14	38.65	94.41	23.22	70.16	31.85	109.55	40.91	53.43
RACGAP1	228.76	201.87	165.96	157.64	181.63	206.87	227.89	133.2	138.47	163.92	123.92	221.32	131.47	185.61	202.59	160.44	241.7	155.52	147.57	128.08	156.5	161.78	122.09	116.11	132.07	151.45	119.76	138.06	182.3	229.55	163.7	162.17	119.82	172.83	132.67	177.9	127.39	102.7	97.56	129.36
RASSF7	63.75	60.06	57.73	82.77	99.02	124.12	53.37	202.32	65.51	39.48	80.15	91.51	53.68	49.59	98.09	106.96	93.96	44.16	46.3	112.61	30.64	33.86	62.21	100.37	267.36	96.51	67.04	58.13	57.37	29.84	65.48	68.7	66.68	89.84	44.78	177.9	47.77	35.94	78.67	71.71
RBBP8	75	80.5	238.12	93.93	339.24	144.81	137.02	85.99	256.1	442.85	340.11	148.96	190.63	143.1	113.02	83.74	129.27	296.64	83.91	334.39	223.26	266.37	117.42	276.51	256.62	102.45	319.37	130.79	108.36	55.09	145.75	234.07	305.36	322.83	111.11	112.75	218.58	97.56	78.67	78.74
RECQL5	175.01	170.29	64.94	218.1	100.78	143.98	87.98	428.25	259.07	349.3	222.93	231.96	248.69	178.52	86.37	106.26	88.53	92.16	153.36	194.27	164.16	234.01	261.28	466.42	98.78	162.58	158.18	87.19	110.91	107.89	410.84	345.11	97.6	111.16	160.86	288.15	123.04	121.53	217.14	122.33
RFC4	286.27	391.35	165.96	565.47	213.27	282.16	116.83	109.59	335.01	456.58	105.06	100.02	236.64	102.01	185.53	179.44	116.23	233.28	138.89	198.57	423.54	431.91	293.94	344.4	96.63	216.78	270.41	279.75	138.96	105.59	168.98	181.34	259.94	303.03	417.9	388.37	235.95	164.32	59.79	77.33
RPL37A	14142.01	19878.41	24108.03	15165.81	12051.58	11721.82	16660.46	17971.46	14792.51	17373.32	16911.32	12217.13	19639.05	23251.84	14552.04	18037	9654.29	17439.36	19774.38	22083.6	16826.52	15991.87	14087.47	11106.53	19723.08	21391.89	17541.3	17333.48	19764.8	15728.8	16602.44	22841.92	20363.26	21525.09	12261.81	12886.42	12698.12	21248.32	21946.77	27048.64
RPLP0	6529.73	6081.42	10239.24	5634.23	7996.49	8520.37	5557.33	5278.98	7338.19	8688.8	9637.63	6982.13	11357.7	14495.74	12276.69	16892.09	14146.04	10878.72	12867.53	12741.27	11111.52	8624.61	16174.62	12520.55	11466.21	10000.7	14555.48	11934.71	10069.8	9448.3	12034.66	11236.02	8663.06	7191.27	11296.65	12796.22	12651.8	16462.57	19939.02	18561.58
RRM2	508.15	578.98	1089.59	1879.63	714.22	746.37	377.89	310.23	1778.53	1508.78	86.88	248.98	372.49	313.12	613.09	1006.98	409.53	336.96	315.39	601.73	733.25	835.97	669.54	626.81	202.93	650.33	492.61	363.31	761.07	215.78	556.58	790.08	2022.51	1936.2	447.75	162.87	347.42	345.75	185.67	142.01
RTN4RL1	59.38	73.69	14.43	78.59	75	50.48	89.43	60.7	49.88	40.34	81.49	70.23	5.48	9.92	5.33	2.81	25.53	48.96	98.38	110.03	18.6	27.84	14.77	17.71	31.14	83.15	106.96	58.13	17.85	27.55	69.7	80.69	26.09	11.42	39.8	17.54	44.87	29.1	78.67	70.3
RUNDC1	156.88	186.39	303.06	339	134.76	175.42	108.18	112.96	151.13	121.87	220.23	270.26	134.75	134.6	88.5	54.89	70.61	100.8	141.78	196.85	94.12	114.37	183.52	177.12	173.94	209.35	113.74	141.69	81.59	55.09	170.04	180.54	81.17	115.73	112.77	70.16	128.83	107.83	166.79	87.18
SDHA	383.15	271.84	158.75	336.21	302.92	297.06	173.08	263.02	407.97	399.08	426.99	444.76	597.08	473.23	226.04	228	278.63	345.6	387.73	380.81	293.3	299.48	373.26	543.17	340.37	337.04	271.16	254.32	187.4	261.69	211.23	239.66	295.69	383.74	295.19	230.52	314.12	359.44	308.4	288.25
SERF1A	396.9	485.47	310.28	455.26	338.07	533.71	242.31	232.67	166.02	195.68	161.64	195.78	227.88	196.94	158.87	152	143.39	172.8	298.03	373.07	287.83	242.29	172.63	200.74	266.28	449.89	432.36	635.79	212.89	289.23	274.6	326.74	186.5	298.46	116.08	212.98	166.47	176.3	258.05	157.48
SF3A1	733.79	713.97	418.52	464.09	480.45	559.36	555.3	470.4	573.98	489.2	570.45	623.52	535.73	687.17	499	442.62	695.76	709.44	500.58	338.69	535.17	574.87	496.9	568.76	616.31	569.41	480.56	396.01	373.52	488.94	448.86	470.53	537.27	575.61	441.12	378.35	561.66	534.03	405.96	413.39
SFRP1	395.65	314.57	728.8	278.08	281.24	400.49	325.97	197.27	418.39	750.1	286.91	308.57	758.13	1375.76	333.73	275.85	513.27	243.84	295.14	226.94	1406.31	1492.87	328.94	302.09	301.71	241.28	221.45	214.35	354.4	371.87	236.57	218.89	651.3	1068.98	2257.01	1586.06	561.66	470.7	311.55	182.79
SLC2A3	34.38	26.63	14.43	30.23	21.68	37.24	23.08	20.23	34.99	30.04	23.57	68.1	36.15	39.67	11.73	30.96	16.84	24.96	66.55	25.79	28.45	46.65	19.44	40.34	22.55	43.06	24.1	47.23	24.22	32.14	31.68	23.97	19.33	25.89	29.85	25.06	36.19	42.79	12.59	32.34
SLC39A6	480.65	409.31	865.9	979.34	7850.02	12627.89	2123.12	585.05	576.22	681.44	6256.04	2291.91	453.56	274.87	505.4	322.99	430.71	634.56	1802.67	1552.47	523.13	449.21	251.95	381.8	3208.26	1241.27	5251.54	5783.88	418.14	417.78	2391.09	3168.29	823.3	992.84	472.63	243.05	660.09	797.62	1655.29	1622.61
STC2	130.63	165.33	591.7	90.21	821.45	674.38	1227.43	257.96	258.33	659.13	6912.02	40.43	310.04	104.85	406.24	438.4	210.19	315.84	182.29	649.01	264.85	448.46	1254.31	1566.55	5755.12	432.07	552.12	1972.77	518.85	261.69	1038.18	669.45	677.39	595.4	346.59	679.02	157.79	379.98	358.75	2343.92
STK32B	386.27	309.61	187.61	272.97	285.34	381.46	385.1	209.07	183.14	209.41	202.05	312.82	185.15	303.2	326.27	237.14	360.1	218.88	269.1	212.33	275.79	240.78	149.3	215.5	273.8	231.62	155.17	203.45	252.41	316.78	229.18	223.68	226.12	315.21	194.03	197.94	159.23	130.08	116.44	151.86
TFRC	1257.57	1634.14	187.61	885.4	430.06	603.22	281.26	527.73	659.6	495.2	255.93	314.95	989.29	590.82	715.45	901.43	319.37	460.8	271.99	509.75	624.91	635.07	596.44	730.14	222.26	427.62	980.71	664.86	554.55	690.95	659.03	816.44	1211.76	2687.69	761.18	340.76	505.2	431.33	311.55	451.35
TGFB3	400.02	185.15	642.21	96.72	252.53	315.26	416.84	409.71	236.74	410.24	1619.07	725.66	396.59	168.6	647.21	580.54	189.56	192.96	431.14	375.65	114.91	57.94	151.64	107.26	752.67	351.89	363.81	257.95	201.42	387.94	198.55	208.5	121.76	76.14	169.15	97.72	214.24	160.89	582.18	160.29
TMEFF1	220.64	179.58	173.18	154.39	148.82	191.14	160.1	131.51	173.46	201.69	120.55	276.65	175.29	194.11	179.13	144.26	203.68	154.56	150.46	121.21	215.6	178.33	108.87	126.94	121.33	142.54	103.95	83.56	145.33	151.5	138.35	118.23	138.18	160.65	107.79	90.2	121.6	133.51	91.26	106.86
TMEM45B	124.38	152.33	101.02	191.12	37.5	67.85	36.06	28.66	29.03	27.46	63.98	53.2	29.58	26.92	235.64	175.92	29.33	32.64	43.4	42.12	40.49	27.09	35.77	50.18	37.58	129.92	35.4	36.33	308.51	105.59	25.35	32.75	21.26	25.13	31.51	30.07	28.95	41.08	157.35	82.96
TSPYL5	103.76	127.56	165.96	471.53	60.93	70.33	87.98	42.15	511.45	733.79	127.96	174.5	280.46	296.12	78.9	50.67	237.35	777.6	185.19	207.17	524.22	285.18	374.82	521.53	83.75	133.63	363.81	163.49	138.96	254.8	158.42	162.17	175.87	172.07	480.92	761.71	321.36	448.45	169.93	329.02
TYMS	723.16	1151.76	129.88	230.65	679.66	1159.27	203.37	256.28	691.61	1307.96	154.9	417.1	858.92	1008.79	570.44	663.58	512.72	520.32	350.12	541.56	1512.47	1647.12	1063.79	1439.61	198.64	170.01	1006.32	821.08	230.74	447.62	548.13	520.86	431.94	1726.06	1325.02	1099.97	878.68	611.06	113.29	144.83
UBC	13528.23	19279	6667.41	15957.75	13731.96	18164.43	9046.35	12009.63	18167.91	19697.43	11917.4	15055.95	9723.12	11980.84	7552.18	8442.88	15537.56	19670.4	13796.35	15860.82	7852.37	10232.6	9049.23	8706.53	12988.74	20512.91	14381.48	17220.86	9670.78	12012.38	14999.23	17038.17	9082.44	12148.64	18515.44	20488.49	10541.24	8120.03	16250.8	17883.85
UBE2C	270.01	351.72	382.44	614.3	657.98	985.51	367.8	576.62	917.18	1109.7	178.47	285.16	477.67	259.28	590.7	415.18	460.58	930.24	251.74	520.93	1329.71	1073.75	1621.35	1277.25	1450.59	628.8	1624.72	1711.19	425.79	454.51	447.8	664.65	769.19	515.46	875.61	892	525.47	133.51	264.34	170.13
UBE2T	210.64	277.41	43.29	292.03	249.01	260.65	89.43	136.57	319.38	725.21	45.12	123.43	265.13	362.71	180.19	181.55	197.16	377.28	89.7	213.19	328.32	234.01	338.27	313.9	82.68	145.51	262.13	101.73	246.04	114.78	160.53	210.9	705.41	784.23	464.34	335.75	418.35	217.38	75.53	91.39
UCHL5	170.63	220.44	93.81	227.4	147.06	169.63	92.31	99.48	458.59	562.15	132	185.14	146.81	204.03	135.41	173.11	130.9	312.96	127.32	179.66	273.6	246.05	276.06	259.78	142.8	296.21	79.84	94.46	150.43	96.41	129.9	233.27	404.89	279.43	288.55	255.57	221.48	114.68	88.11	101.24
WISP1	145.01	36.53	223.69	19.53	172.26	66.2	230.77	69.13	163.04	190.53	709.18	104.27	193.91	49.59	146.07	25.33	69.52	95.04	205.44	23.21	98.5	91.8	130.64	35.42	172.87	34.89	53.48	94.46	117.28	89.52	84.49	18.37	65.71	71.57	142.62	57.63	105.67	102.7	283.22	81.55
ZNF533	21.88	9.29	36.08	3.72	9.37	13.24	23.08	23.6	35.73	13.73	21.55	117.04	10.96	17	9.6	9.85	7.06	8.64	104.17	55.88	30.64	97.82	14.77	12.79	56.91	786.19	79.09	21.8	14.02	9.18	11.62	13.58	7.73	10.66	6.63	2.51	7.24	8.56	81.82	299.49